-1.435802949861940192e+02 1.120990084432337568e+02 -1.071140407874155613e+02 -9.249753003056994771e+01 5.479192303752049753e+01
-1.626076823783394332e+02 -2.134199588337522187e+02 6.436433140596767544e+01 2.803244389363927880e+01 1.092691005881473103e+02
-6.810894561048384332e+01 -5.058090672909887786e+01 -1.324444415362938230e+02 1.912951041007328570e+02 -8.826481755504717341e+01
8.004768983962631523e+01 4.331823866974767867e+01 4.644777360356621898e+01 -1.313889244582592539e+02 -2.170089751140312160e+02
4.853463925190235173e+00 2.072646284137147887e+01 -3.139302065079103841e+02 8.258001857122023281e+00 4.740474989909937165e+01
1.594774228125465072e+02 -3.119861197624353508e+02 2.162761881780016537e+01 -1.173107402869643039e+02 8.943704154210307422e+01
-1.516033775755066131e+02 -1.010569881434258406e+02 1.663726630625198482e+02 8.555465712951045987e+01 -1.244961148546982912e+02
-2.571112471037672549e+02 1.336844805794625302e+02 6.811547011929926043e+01 -1.509016113618625639e+02 6.205252314729526120e+01
-5.188173221420358061e+01 -5.739475034380863150e+01 -1.362861887779816357e+02 1.857399011836959630e+02 -8.837955888239582691e+01
1.161960707678398563e+01 5.265008984298960115e+01 8.280213174104254392e+00 -4.330544581994283959e+01 -2.388313153152606674e+02
