-1.503276874104586902e+01 5.306087435129342111e+00 1.742117459573335836e+01
2.431054635542197195e-01 -1.843813668037837417e+01 9.520038107666138671e+00
7.600408514330109888e+00 -4.760231608861940522e+00 1.358177852026786780e+01
6.691352629230783222e+00 -2.339918582749529818e+01 -6.348855519950872051e+00
3.436975591077669634e+01 1.771411894304097956e+01 2.045640334313568687e+01
-1.781580086715337430e+01 4.236675249951226796e+00 1.462720771697587452e+01
-1.613398430955452767e+01 -1.423164003304302128e+01 9.988396678207374535e+00
-2.560745863039032599e+01 1.059260508914559828e+01 -5.012825944477649287e+00
-1.346830648396008523e-01 -1.217677339027482120e+01 8.949055273376126607e+00
2.361758612510220345e+01 -1.970755487386972149e+01 -9.411742930811472618e+00
